,788,2796,568,638,419,2567,119,302,420,169,2793,2771,2652,2653,2654,2805,2811,2825,577,3878,,,,,,,,,,,,,,,,,,,,,,,,,,,,,,,,,,,,,,,,,,," ExtraStackSize="0"/>
"3239;3240;2752,3041;3233;3234;3235;3236;3237;3238;3241;3242;2835;2841;2846;2905;3243;3244;3245;3246;3247,,,,,,,," ExtraStackSize="0"/>



Do not remove commas or semicolons


<Item identifier="circuitbox" ID="84" ... Tags="smallitem,weapon,medecine">

3241



ammo box
railgun shell
grenade
suitcase
growable
melee weapon
salt bulb

Tags: smallitem, mediumitem, ammobox, railgunammo, human, mobilecontainer
ALL wires are gone...


Skills, ads 36 items stack instead of 32:
<Item name="" identifier="steelcabinet" ID="1616" markedfordeconstruction="false" rect="128,-180,148,160" linked="1618" NonInteractable="False" NonPlayerTeamInteractable="False" AllowSwapping="True" Rotation="0" Scale="0.5" SpriteColor="255,255,255,255" InventoryIconColor="255,255,255,255" ContainerColor="255,255,255,255" HasBeenInstantiatedOnce="True" InvulnerableToDamage="False" Tags="container,locker,cabinet,storagecab" DisplaySideBySideWhenLinked="True" DisallowedUpgrades="" SpriteDepth="0.84" HiddenInGame="False" conditionpercentage="100">
    <ItemContainer ContainableRestrictions="" AutoFill="True" PickingTime="0" CanBePicked="False" LockGuiFramePosition="False" GuiFrameOffset="-230,-11" AllowInGameEditing="True" Msg="ItemMsgInteractSelect" contained="4559;4974;4923;5598;5592;5591;5593;5595;5596;5278;5951;6121;6205;6327;6628;6627;6856;7097;7093;7092;7102;7100;7104;7165;7163;7164;7162;7590;7508;7505;7511;7512;7607;7610;7780;7781,4936;4976;5116;5117;5118;5119;5120;5174;5175;5170;5108;5109;5110;5111;5112;5113;5114;5115;4902;5043;5044;5081;5085;5105;5106;5107;5797;5798;5814;5815;5659;7029;7030;56;8143;8148,3729;2406;2487;2241;3890;3966;3963;3971;4286;4287;4288;4289;4442;4797;4807;3665;3666;3737;3886;2175;2243;3561;3602;2444;3603;3648;3664;5923;6009;6017;6174;6175;7075;7076;7329;7385,1917;3227;3228;3547;3808;2491;229;2443;4608;4702;4864;3738;5036;5037;4725;4928;5033;5034;2393;6181;6408;4242;4241;748;3466;55;3352;3433;2200;3796;3928;6100;6101;436;37;461,173;178;185;184;183;182;181;186;320;299;303;365;375;352;376;374;239;240;232;261;287;290;298;314;43;29;127;26;150;153;77;96;4203;4202;4185;4225,5997;6688;6638;7130;7083;7131;7132;7133;7084;7134;7122;7085;7748;7779;7743;7771;7773;7772;7734;6974;6975;7010;6935;6912;6936;6952;3832;5816;5794;5982;5973;7020;7009;7012;7886;7996,88;129;115;130;231;228;234;2387;2413;2388;2414;2415;2416;2389;2417;931;881;932;933;934;885;116;131;86;87;89;110;111;309;310;311;301;4482;4483;4426;4484,462;5122;5171;6689;6635;7171;7172;7161;7173;5548;5557;7413;7278;7417;7277;7448;7449;7450;7451;7452;7280;7453;7279;7455;7500;7661;7687;7635;7655;7657;8093;7814;8280;8383;8286;8384,4689;5553;5554;5779;5780;6432;6433;6434;6836;6839;6837;6838;6835;7935,697;698;699;700;701;914;875;401;508;509;506;507;475;466;243;253;263;270;396;397;398;399;400;3594;3595;3596;3597;3598;3599;3600;3601;4317;4657;4658;4621;3873,6924;6913;6894;5837;5864;3469;4071;4368;4369;5975;5976;5977;5978;5948;6068;5979;6069;5980;6071;7315;4204;4212;4265;4278;5026;5974;7495;7526;7488;7496;7485;7532;7987;7988;7985,3691;3692;3693;3694;3695;1918;1919;673;674;675;676;677;882;883;888;938;773;775;715;680;2705;2708;2707;2710;2711;2706;2709;525;527;609;2729;2730;2080;2108;2472;3690,5559;5549;5452;5456;5463;5464;5444;5555;5556;5558;4773;5652;5653;5769;5770;5968;6877;6878;6854;6879;6880;6853;6928;7137;7086;7087;7396;7469;7470;7471;6650;6757;7299;7529;7575;7578,3564;4111;4125;4311;4312;4495;4496;4497;4498;4499;4866;4867;4868;4869;4870;5158;5150;5151;5152;5153;5154;5155;5156;5157;5168;5167;5166;5534;5430;5469;5470;5471;5781;6435;6436;6437,8007;45;8112;8144;8099;3959;4086;8238;381;2074;220;292;369;373;8305;8341;8313;8331;8293;8410;8411;8414,7138;7139;7140;7141;7142;7143;7144;7145;7387;7395;7386;6857;7022;7276;7288;7289;7292;7296;7297;7306;7308;7569;7572;7574;7700;7702;7709;7710;7712;7714;7715;7716;7651;7717;7761;7831,4474;281;4963;4916;4985;5165;5070;5073;5075;5076;5270;4995;4996;5795;6707;6758;6708;25;60;126;7077;7081;7121;7078;7127;7128;7129;7528;7554;7555;7576;6736;7620;7621;7776;7742,3133;4416;4417;4415;4673;4674;4675;4676;4677;4977;4978;4979;4980;4981;4982;4983;4984;5969;5970;5971;5972;6776;6937;6938;6939;7135;7136;7250;7251;7703;4072;8060;8061;8151;8062;8063,3614;3638;3649;3643;3641;3658;3840;3841;4194;4181;4183;2253;4291;4264;4256;4255;4277;4258;4257;4260;4290;4252;4314;4330;4358;4316;3555;3578;3587;4345;4364;4372;4326;4373;4374;4375,5432;5457;5496;5497;5501;4091;5833;5704;5655;6468;6467;6462;6423;6828;7082;7090;7091;5455,8159;7812;7813;7805;7806;7807;7808;7809;7800;7758;7763;7801;7802;7803;7804;7811;7698;7699;7793;7795;7796;7797;7798;7799;7705;7667;7692;7693;7694;7695;7696,5423;5502;5412;5431;5411;5546;5465;5467;6176;6428;6427;6426;6424;6425;6442;6441;6439;6438;6440;6443;6431;6430;6429;6473;6834;5160;5983;7647;7648;7649;7650;7645;7933;7932;5161;7024,3724;3727;3982;4760;4887;6696;6950;6634;7175;7259;7168;7227;7176;7247;7174;7591;7577;7582;7583;7584;7593;7594;4361;4464;7405;7475;7403;7402;5121;7550;8031;8032;8022;8409;8412;8422,4114;4144;4146;4136;4321;4218;3916;3839;3819;3800;4074;4095;4096;4112;4137;4143;4145;4281;2954;3470;3777;3804;4011;4027;4031;4073;4284;4285;4298;4299;4301;4310;4313;4320;4609;4619,4282;4283;4348;4354;4367;4349;4356;4472;4473;2671;3522;3947;4994;4900;4901;5087;5088;5440;5476;5571;5572;5574;5611;5799;5801;6087;6154;6735;6763;3266;7400;7540;7541;7542;7543;3801,4684;5605;5606;5773;5830;6044;6045;6056;6057;6058;6060;6061;6073;6074;6079;6085;6086;6016;6929;6930;6931;6904;6932;7021;6977;7025;7026;7027;6953;7028;7662;7689;7690;7691;7656;7704,7747;7762;8240;4120;4801;4207;4;7110;7111;7112;7113;7114;7116;6860;6461;6190;3353;7008;4276;7023;4275;7117;161;3806;7118;4124;8288;8304;8403;8314;8407;8432;8433;8408;8430;8431,7258;7271;7166;7310;7293;6996;7356;7321;7371;4424;3377;437;613;2127;896;3434;7768;337;354;355;8028;8030;8042;8059;8064;8065;8010;8066;426;427;7981;7980;7979;8072;7960;8158,3508;3509;3510;3511;3553;3554;3527;3548;3516;3549;3550;3551;3517;3552;3713;3714;3989;3965;3909;3985;3945;3986;3944;4063;7036;6955;7037;7038;7039;6956;7040;7032;6954;7033;7034;7035,6080;6191;6192;6193;3197;3198;5126;6474;6475;6476;6477;6487;6488;6518;6519;6350;6351;6352;6357;5693;6369;6372;6384;6387;6641;6772;6773;6774;6775;6861;7095;7119;7120;7454;7456;7457,2532;2419;2450;2452;2453;2454;2464;2477;2488;3721;3731;4030;4067;4024;4022;4139;4140;4102;4141;4142;4186;4188;4187;2386;4413;4414;5590;5981;6946;6947;6911;6948;6949;6945;7741;7815,3020;318;3975;4092;4099;4103;4104;2174;4806;4855;4487;647;5072;5573;5576;5608;5609;5237;4162;4448;5067;2396;2395;5924;5925;6030;6170;6172;6173;457;7096;2274;7313;8239,5930;5967;6096;6097;6102;6103;6104;6108;5169;2496;5488;957;6113;6122;6153;6156;4939;2910;6180;6349;6484;6655;6681;6690;6737;6759;6760;6761;6762;6858;6859;465;2982;4390;6024;6981,3254;3268;3269;3253;3116;3117;3118;2942;3119;3120;2941;3121;3270;3271;3272;3273;3274;3430;3451;2614;3431;3462;3463;3458;3459;3432;3460;3461;3770;3771;3726;3772;3122;4913;5458;5459,7265;7266;7267;7519;7518;6728;7592;4088;7537;7602;7603;7604;7611;7616;7617;7618;7615;7601;7619;2079;7727;7791;7794;7268;7269;7984;7986;8145;8146;8098;8147;7983;7982;8109;8110;8111,125,59,513,57,537" ExtraStackSize="0"/>
    <itemstats>
        <Stat type="ExtraStackSize" talent="jengamaster" value="4"/>
    </itemstats>
</Item>


Detonator in ballast, to find wire connected to it then exclude those wires from deletion
<Item name="" identifier="detonator" ID="504" markedfordeconstruction="false" rect="-1514,-243,20,10" NonInteractable="False" NonPlayerTeamInteractable="False" AllowSwapping="True" Rotation="0" Scale="0.5" SpriteColor="255,255,255,255" InventoryIconColor="255,255,255,255" ContainerColor="255,255,255,255" HasBeenInstantiatedOnce="True" InvulnerableToDamage="False" Tags="smallitem,light,detonator" DisplaySideBySideWhenLinked="False" DisallowedUpgrades="" SpriteDepth="0.55" HiddenInGame="False" conditionpercentage="100">
    <Holdable Attached="True" DisallowAttachingOverTags="" SpriteDepthWhenDropped="0.55" MsgWhenDropped="" PickingTime="0" CanBePicked="True" LockGuiFramePosition="False" GuiFrameOffset="0,0" AllowInGameEditing="True" Msg="ItemMsgDetachWrench">
        <requireditem items="wrench" type="Equipped" characterinventoryslottype="None" optional="false" ignoreineditor="false" excludebroken="true" requireempty="false" excludefullcondition="false" targetslot="-1" allowvariants="true" rotation="0" setactive="false"/>
    </Holdable>
    <ItemContainer ContainableRestrictions="" AutoFill="True" PickingTime="0" CanBePicked="False" LockGuiFramePosition="False" GuiFrameOffset="0,0" AllowInGameEditing="True" Msg="" contained="3891" ExtraStackSize="0"/>
    <PowerContainer IndicatorPosition="0,0" IndicatorSize="0,0" MaxOutPut="10" Capacity="2" Charge="2" MaxRechargeSpeed="10" RechargeSpeed="0" Efficiency="0.95" FlipIndicator="False" MinVoltage="0" PowerConsumption="0" IsActive="True" Voltage="1" VulnerableToEMP="True" PickingTime="0" CanBePicked="False" LockGuiFramePosition="False" GuiFrameOffset="0,0" AllowInGameEditing="True" Msg=""/>
    <LightComponent Range="20" CastShadows="False" DrawBehindSubs="False" IsOn="False" Flicker="0" FlickerSpeed="1" PulseFrequency="0" PulseAmount="0" BlinkFrequency="4" LightColor="248,81,81,80" MinVoltage="0" PowerConsumption="0" Voltage="1" VulnerableToEMP="True" PickingTime="0" CanBePicked="False" LockGuiFramePosition="False" GuiFrameOffset="0,0" AllowInGameEditing="False" Msg=""/>
    <ConnectionPanel Locked="False" PickingTime="0" CanBePicked="False" LockGuiFramePosition="False" GuiFrameOffset="0,0" AllowInGameEditing="True" Msg="ItemMsgRewireScrewdriver">
        <requireditem items="screwdriver" type="Equipped" characterinventoryslottype="None" optional="false" ignoreineditor="false" excludebroken="true" requireempty="false" excludefullcondition="false" targetslot="-1" allowvariants="true" rotation="0" setactive="false"/>
        <input name="activate">
            <link w="2607" i="1"/>
        </input>
    </ConnectionPanel>
    <itemstats/>
</Item>